-2.225515886767339135e-01
-1.592273600489391983e-01
-8.626776539006205669e-01
3.441288797122457055e-01
-1.413485228031664986e+00
-9.303048969014281466e-01
2.232252561721662365e-01
2.353126330658934062e+00
2.485802489010288330e+00
-6.261030601833608156e-01
2.712242631584715902e+00
2.466030851197786034e-01
-7.798831295099317718e-01
-1.432478649775555113e-01
5.837333368939478379e-02
2.541245008111719383e-01
-4.296900493161803780e-01
1.105352296672390322e+00
1.590830902601392705e+00
1.433066473837239840e+00
-6.146969560483745987e-01
6.987136108417766334e-01
9.709139548399298159e-02
3.543048172652195071e-01
1.240524898163975598e+00
2.215597634821730111e+00
1.079333472416770467e+00
1.408789906643841683e-01
-1.258501393722605721e+00
1.918512773957390116e-01
-1.193556755813783982e-01
-1.762661679103992877e-03
2.842601608876732522e-01
-1.076512340916120636e-01
6.580078207041880622e-01
-1.058023050324373937e+00
-1.320756946850069613e-01
1.772257596848481942e+00
1.304409584203178651e+00
-3.904063599685717589e-01
1.114374264441647222e+00
-2.190449090807637500e+00
-9.589193079636121331e-01
-1.398618020160561581e+00
-8.388870151796141705e-01
-6.013520611963431017e-01
-5.110952047139303289e-01
-1.265888588233460732e+00
-3.664412896148178111e-01
1.033147865410837252e+00
-2.177172211272221658e-01
1.470880320695068688e+00
9.850180749877723851e-02
1.178038335169103501e+00
7.744705528178330578e-02
-5.762793066668839836e-01
-8.401487160174567759e-01
-1.208438938162940568e+00
1.043681477453237250e+00
1.035799599198799603e+00
6.213341236806643186e-01
-1.981269338393738311e+00
2.191188781968097243e-01
5.751372004431274387e-01
-1.319356835699642128e-01
1.132570944486495534e+00
1.533583626280866863e+00
-7.513687767095975634e-01
2.361453218987563663e+00
3.459725149634670927e-01
1.770862820082928224e-01
-4.556462510165827928e-01
-7.937013081683869098e-01
-1.517721659601280582e+00
-1.280724730407432510e+00
4.865208409619171115e-01
-3.300121364679137748e-01
-1.204102175775171091e+00
1.066700053298932804e+00
9.535127170838687549e-01
7.808296443618270022e-01
9.512227132608834790e-01
-1.553212245198217101e+00
8.855885373954562878e-01
-6.959877290700222652e-02
-5.422575568983949157e-02
2.265447627371328376e-01
-5.409980907144087414e-01
-6.833320713659810641e-01
-1.118993065697598599e+00
-3.879339521945286973e-01
5.122580355884229775e-01
3.883574378324987642e-01
-2.433746544568496373e-01
-1.024184205688569937e+00
-1.825094757940577628e+00
-1.983657044774797429e+00
3.762092639792697368e-01
-8.689050095057351264e-01
-1.492896378182493322e+00
-6.469557188755916677e-01
-9.023277005177922083e-01
-6.563415769017265644e-01
-1.208201877568692684e+00
-1.084661450323569865e+00
-7.319438202363920398e-01
1.483561278875128897e+00
-7.482410987158113480e-01
9.637398893535503719e-01
-1.241254920321966937e-01
1.126119864401732951e+00
1.283487687164335700e+00
-8.073801533559026300e-01
-3.851102078640837312e-01
-1.836982789934000548e+00
-8.455870346875571375e-01
1.085107335800805428e+00
-9.971597545359466297e-01
1.278309904642897621e+00
5.802145610159448186e-01
9.036653756493058243e-01
6.377926358851759847e-01
4.710391072876000118e-01
-1.181501909029889497e+00
-4.176920300410427722e-01
1.391395690111715933e+00
-2.133208552436740013e-01
-1.055864210132259950e+00
9.429497507405633083e-01
4.198291197271761255e-01
2.750178242779615645e-01
-3.770722943584983167e-01
-1.389634333621571516e+00
1.225052733170603592e+00
5.983916476014716768e-01
3.186497074708022903e-01
-2.927244376850610119e-01
-8.643096307913196441e-02
7.681968280961615214e-01
-2.688687417282666914e-01
1.278254707770327014e+00
1.689796853960791045e+00
5.652163183259626550e-02
4.147278220503781698e-01
7.952525891424231386e-01
4.486385330490295642e-01
1.847643489655285132e-01
-1.627840041576955832e+00
-5.155078624070277282e-01
1.365783875069168429e+00
-1.852503434110180924e-01
1.160076508487781766e+00
3.530307244481658002e-01
-4.804419677949142709e-01
-8.096633825288096498e-01
3.438687913289321108e-01
-1.457708597994344657e-01
-1.279170695750289966e+00
2.405962285512423637e+00
1.263351309121438115e+00
7.454519836888175988e-01
5.084590887401552184e-01
6.982056179407306606e-01
-7.692211743290308656e-02
8.329808394424608187e-01
-6.339413112849654475e-01
-1.999844702996363521e+00
-7.510575446127504273e-01
-4.302842634561427904e-01
-2.518871314057734567e-01
4.213340982848582383e-01
-1.383239852619023713e-01
-5.926175678549131520e-01
-3.424467149953159262e-01
1.231985000725077141e-02
5.051385355284140344e-01
-1.298163339565209018e+00
-1.146443816670363436e+00
-1.489529434634084160e+00
7.773520795308571651e-01
-1.632890249071627720e+00
9.981544575130555375e-01
6.782203169763887374e-01
1.400012148916023547e+00
6.972314565820014742e-02
1.492950628605733909e+00
-8.610016223448901940e-02
-7.544290089259881871e-01
4.333027866084616098e-01
-2.581753495736869297e-01
-1.322801673224878183e+00
-6.827843673605998864e-01
1.397515007204725990e+00
3.966458817299950979e-01
2.034023574321334737e-01
5.149220749689636945e-01
-1.292089604138032533e+00
1.642152965427094102e+00
-1.632928454350958680e-01
1.334955028817833123e+00
-6.560066158601948194e-01
1.948856008103359572e-01
1.806544352196261194e+00
-2.114324130748095332e+00
7.721541208210380702e-01
1.212613525437096884e+00
6.840646038074443824e-01
-5.685533525645959374e-01
-2.518111926155244817e-01
-3.583858698642420904e-01
1.789007214540814517e-01
1.181859398703973163e+00
-2.283148685234530628e-01
5.012925067208543611e-02
4.994728096905480808e-01
-1.245386189935868249e+00
-5.649096438335439174e-01
-2.381134338813127582e-01
-1.352228789430937494e+00
1.227708179494167773e+00
7.494403546124550619e-01
-1.642251173255715901e+00
1.183735653552048017e+00
2.260437240956037763e-01
1.231368063995968987e+00
-7.690300096314126588e-01
2.257421275846055453e-01
-7.465207092056089788e-01
-4.903523064621090888e-01
1.630827770984766723e+00
1.523297927835702836e+00
-1.545879890677850366e+00
-7.635382106958913395e-01
5.680976136669236842e-01
-2.781590974373924219e-01
4.357867712459442822e-02
1.239628770840743188e+00
-1.282920753472817532e+00
2.233803289124134395e-01
8.757735177603741539e-01
1.279492972320410926e+00
-6.551957840216471318e-01
-2.289226891671510000e-01
-6.247351420554885237e-01
-4.895917360022520315e-01
3.511812409334425511e-01
8.838680377311177727e-01
-1.055686128180333361e+00
-1.620060785860840902e+00
1.111944117285212474e+00
1.111591419401166458e+00
-2.077051945318836579e-01
-1.229830714144871440e+00
-7.336300908084147920e-01
-1.404407914925045152e-02
-9.769892754471527496e-01
4.415184503539190675e-01
-5.089915542880768529e-02
-4.135453018161874272e-01
-5.075044194467380754e-01
-5.756017141869087528e-01
-3.321069957684217866e-01
-2.072444454269816994e-01
1.411644422905146357e+00
4.610857693320573603e-01
-5.172908550515370463e-01
-3.785953040279358729e-04
1.645261562246230547e+00
1.181433751802888787e+00
-1.488637423222652023e+00
9.200316361218771055e-01
-2.377762819121007343e-01
-5.683043392858394549e-01
6.075559467629124688e-01
4.413591775410917739e-01
4.001981134755520086e-01
2.294562819390610464e+00
-1.114934305358296962e+00
-1.031961251600564067e+00
-1.999839567342932556e-01
6.192093955708360964e-01
-7.145934129173643623e-02
-1.531183420208049428e+00
-9.957711867371741299e-01
-4.922849478354495711e-01
1.679872268685059566e+00
1.210584087296564304e+00
-2.110163217715031458e-01
-4.949096552608361343e-01
3.844438755686632736e-01
-1.657632322440321382e-01
1.425090465935817674e+00
-7.241489490292846165e-01
2.671300542501858999e+00
-5.071095318276332975e-01
-8.719337136467775196e-01
-4.080678874241015497e-01
1.362523689845146713e+00
-6.650623414790979293e-01
1.458966647466436450e+00
1.025081442520797026e+00
-7.712227457228457150e-02
1.924226333628992897e-02
1.071240190537940284e+00
1.395126738945466238e+00
-1.060193120874713069e+00
-3.506169997600153687e-01
9.188368121546343081e-01
6.484137470088717770e-01
1.689140259618185258e+00
-9.949514453131348413e-01
-7.298925124103345929e-01
-8.813206600657689238e-01
1.610373988428532854e+00
1.767074394260088888e-01
2.099964913972185432e-01
1.016868504965910081e+00
-1.210594718339237152e+00
-1.462572611135535716e+00
7.592056281675941820e-01
1.154455292126350674e+00
1.936560405203623825e+00
2.065345724651300452e-02
2.349336403906446546e-01
-6.468850588890105724e-02
6.908436968070358342e-01
-5.454625910930687160e-01
-3.466138723917184805e-01
8.541524222524655707e-01
-1.143840786989545055e+00
2.933545446553068037e-01
-2.208963515672058564e-01
-1.402673545769279016e-02
-6.036586951764660869e-01
5.579666980222351969e-01
9.834199161699426206e-01
-6.571164008773926479e-01
8.232143026858004253e-01
1.480175024663556993e+00
4.653687665817233809e-01
1.767076383288045838e+00
2.346053095358037188e-01
9.283165140605067478e-01
5.049727210599265215e-01
2.244497760302518241e+00
-5.812034101370667782e-01
1.509495062480543659e+00
1.037335208918082285e+00
3.840331802584517340e-01
-1.271779824092088340e+00
-5.578810324627587747e-01
-5.964564377114572186e-02
-1.242364400123360690e+00
6.505916738442408809e-01
1.141253595399999599e+00
-1.223825181013839858e+00
-1.494521027983769734e+00
-1.503625575715336615e-01
-5.951940114726250730e-01
-1.499400723027555893e+00
1.291213984600301234e-01
4.641165724935680248e-01
8.458716459849180413e-01
-7.479381485179397160e-01
1.229758148589313871e+00
-1.486376496178591022e+00
1.261266009350040518e+00
-1.564806107739316499e+00
6.650160440277405050e-01
4.214128918963075919e-03
-1.134366978792914704e+00
-7.610054562911557907e-01
1.255811917884503082e+00
8.820500081142377269e-01
-1.210332584405170719e-01
-3.620243224008559690e-01
2.302018209923797354e-01
1.638896889074055618e+00
-1.248921125328555405e-02
-7.282528750713890275e-01
2.026689123353045741e+00
-4.620827137781582383e-01
-4.490730260225637149e-01
-6.740530863990152888e-01
7.870455207525498542e-01
-1.881306003533662841e+00
-5.684135384252777534e-01
-3.308741446164087940e-01
-2.727021122223423077e-01
4.355667906523126298e-01
-1.223676327734342928e-01
9.331876390962013934e-01
-1.903302200244655074e-01
8.888034793258752231e-01
-7.329247124724883600e-01
8.600819252736948695e-01
7.009745155849749221e-01
1.956877252034557729e-02
4.242334239580231592e-01
8.504525901533658283e-01
-2.850113757162691552e+00
-6.014565226599276615e-01
-9.787037217717496906e-01
-9.544470428469877810e-01
-1.453623375334101020e+00
9.153498436806336569e-01
-2.139630444637623530e+00
-1.135781287014934193e+00
-1.923105979480804750e-02
-1.162832171782251789e-01
4.997097183181655744e-01
-5.256292530652222350e-01
-3.653261015748860419e-01
1.320629120753931949e-04
-3.315643360368307757e-01
-2.754776324756750272e-01
-2.228692648276102972e-01
5.856380834212837616e-01
1.055111775468685398e+00
-1.213989506822302555e+00
-1.599406205394057756e-01
6.685075513990282881e-01
1.712522430966951115e+00
5.186843285469117321e-04
5.004959086073437202e-01
-4.966434743785259204e-02
-1.630040190274494538e+00
3.936059228799032028e-01
6.301070736180860443e-01
2.057941923605536960e+00
6.880055405018157266e-01
2.171907284898464130e-01
-1.612864530463315127e+00
-1.095968164190599170e+00
-4.796991329141292448e-01
6.663910008632090154e-02
6.058764785034731482e-02
-1.737640517165849330e+00
-8.635861068680009689e-01
1.487042788328170051e+00
-4.352816293548535109e-03
-7.274137296386291862e-02
8.717514891121030951e-01
-8.189516356326062563e-02
3.555297350675246659e-01
-7.288692258951877390e-02
1.612692575930334549e-01
1.109854144709590651e+00
5.854169156696517051e-01
4.068891571049117473e-01
-7.673152766784302470e-01
5.400614944450434773e-01
1.209792172872975885e-01
5.057636117621465699e-01
-4.073496928248396265e-01
-7.339386570794818043e-01
2.500669590441859658e-01
-1.432691421353991412e+00
-1.108646038638760462e-01
-8.942968783830660406e-01
5.513174081494200962e-01
2.508340401074353743e-01
-1.576159980294466745e-01
-5.261050933172398691e-01
-1.847469657736644066e+00
-5.000987271335276541e-01
-6.191623559040529967e-01
1.003173745867959488e+00
4.209402354715013339e-01
-2.200542982634626221e-01
-5.074575365254346826e-02
1.553044977301815566e+00
-1.213351272385423174e+00
-2.353076842316718376e-01
-1.034270482549978082e-01
5.337609702065759798e-01
1.163481315792184390e+00
-6.465389491805985378e-02
1.565990735503473286e-01
7.477251816252112882e-01
6.961384790609017603e-01
7.524363539247774790e-01
5.414163428513553145e-01
-6.808674272647170511e-01
4.163339926629924803e-01
1.599842468596857969e+00
9.554621806948621066e-01
1.690636540384995654e-02
-1.054202754709191003e+00
-6.759657608589755284e-01
-6.571390556686005358e-01
4.211034146045956605e-01
-1.373771417323061739e+00
1.716673494602140249e+00
-1.436189810512445986e+00
4.102754008741527625e-01
-5.424938343280740760e-01
-4.807976826352727273e-01
6.309363329400049514e-01
1.802797099739867626e-01
-1.850362511395098331e+00
-1.236139923778228011e+00
9.570459598531979584e-01
1.747447323423601817e-01
-2.586838153285885511e+00
1.872022733614709500e+00
2.526007294203675091e+00
-1.047435426878225995e+00
-9.732060018783948996e-01
-1.059474964306147404e-01
-6.234524640755753078e-01
7.392380934134444859e-01
-1.218605849543012321e+00
1.573516829774891101e-01
8.166547647778412689e-01
-3.221931137156368030e-01
-3.264741021061497439e-01
-5.303891501861669466e-01
-1.429080869838754486e+00
5.954362824502423823e-01
7.386245291457939864e-03
-1.301866942495129020e+00
-5.588241681019501250e-01
-2.104553211540337365e+00
4.168590084607334822e-01
1.964938069057627468e+00
-1.016545367829197577e+00
-1.091365914912675761e+00
-5.453307765574210153e-01
-8.974375784834600633e-01
-1.460837485490704912e+00
5.083193622629984532e-01
-1.275615285870727700e+00
5.864100740378490606e-01
1.345097685455572956e+00
-6.958720972222248724e-02
2.389702047602684787e-01
-8.328117147493188654e-02
2.595438764518543273e+00
5.095527117147767848e-01
-6.025793987129881568e-01
-5.652754008883883463e-01
-1.283512854472005582e+00
-2.497812996212092962e+00
7.046308265041733021e-01
-2.262505293858767808e-01
3.587750258242162205e-01
-1.311796796489324679e+00
1.628592967190458429e+00
2.143477342330150637e-01
-2.503229795094831234e-01
-1.649311254659710235e-01
-9.920400765255026343e-01
-6.289515386846378231e-01
3.541251705589731347e-01
-1.206828401835968290e+00
-2.000051811084772313e-01
-5.865398762108674502e-01
8.157832694900063464e-01
-7.722922718224564109e-01
-8.917508648699417062e-01
-5.541803400430498350e-01
5.937072585775934330e-01
-5.014543122819752341e-01
-4.392400355987777921e-02
-1.124346846125353849e+00
1.922160864188823537e-01
-1.388619209329897686e-01
6.392821681762760333e-01
-2.413325750287836913e-01
-2.442914496056906692e+00
-5.812993331953293374e-01
-6.686751388990629374e-01
9.836991054387683731e-01
-7.585213658960767713e-01
3.584059277699012669e-01
-5.947030939741843047e-01
3.041281500616025424e-01
7.803134017306845305e-01
3.107080922194242478e-01
-1.798664277364651065e+00
-4.027688370966877041e-01
-6.488234672309620699e-01
4.465059771944304007e-02
-1.510762990018100771e-01
-5.631243249320823097e-01
-2.680232197181939627e-02
6.239763620306192360e-01
4.005095615577446977e-01
3.626473481409760447e-01
3.140491318056195968e+00
-1.590208611606754863e-01
9.470079135562765593e-01
1.655279859425313527e+00
-8.735558371075651252e-01
7.610458468251204422e-01
7.219666467503715879e-01
-3.516411079819485308e-01
-7.307707220436134854e-01
-1.030502991594146822e+00
-2.084340933581326993e+00
1.640304578814416603e-01
1.439916697301815374e+00
1.291565939396647489e-01
-1.930253250160440359e+00
-1.360650454099912476e+00
3.657202695574927609e-01
-1.549237204510811150e+00
1.449381378464517978e+00
-1.019634370596201878e+00
-1.082182278569817413e+00
1.757440512009080580e+00
1.380001069919777779e+00
7.934217772574519989e-01
-5.716858182529013233e-01
-3.977025389521394727e-01
-1.197818967795347023e+00
4.855410398567904240e-01
4.417542075693960402e-01
-1.363452624549828629e+00
-4.644471074417587386e-02
1.027545461728652659e-01
3.148271454124930147e-01
1.360537926594081792e+00
-4.590945105140160631e-01
-3.262568732458205334e-01
6.713492893955825824e-01
9.556071321607422231e-01
-7.707542761139742904e-01
-1.645537929023649371e+00
8.617733402102822904e-01
9.215756400388200320e-02
2.309290958777253655e-01
2.514892659110109507e-01
-1.160911190466447529e+00
2.180595188584739663e-01
-5.148781629513002889e-01
2.202567236002698881e+00
4.342401631337064472e-01
1.380534148557645890e+00
-1.661967398165865362e+00
6.197528483881346029e-01
-5.463741114542958188e-01
2.858389815053790084e-01
2.433726055237865893e-01
1.005541239009562826e+00
1.252241335694779689e+00
5.949771664006265892e-01
-1.884546800157941293e+00
-6.748884105804926481e-01
-1.282595208387429520e-01
2.005316576870933287e-01
5.819808236721989436e-01
-5.438520458191371532e-01
1.504148740625259606e+00
1.254838187329281318e+00
-1.771061481038977148e-01
-8.945700563787971626e-01
6.961410391892095539e-01
-1.450899600234756281e+00
-4.095360861594041224e-01
-2.650081201885025606e-01
-1.261574317792154565e-01
-8.388409094638183960e-01
4.129345642358321911e-01
-3.383739571310264149e-01
-1.908946572013340504e+00
-2.152663809768469605e+00
-1.836343895456620467e+00
1.238524352732551202e-02
-3.605740563737397930e-01
-7.070270566204203133e-01
7.197619238924332641e-02
1.915284289371472548e+00
-4.882012168130512864e-01
-9.045584757180715751e-01
4.309508525379345811e-01
4.583392005568345251e-01
5.735412295095557722e-01
-9.439331977006585328e-01
-7.519061563691690209e-01
-3.328068148120317815e-01
3.725131379550730704e-01
1.209401283821604361e-01
-1.958019971957136507e+00
7.229122604341596536e-02
-3.234053246770455248e-01
9.644157864617882714e-01
-7.277284137119194307e-01
-2.875618769256699792e-01
-1.166305032025342220e-01
-9.298849511604968809e-02
-4.910390545927287992e-02
4.048841308365607738e-01
5.811964539083019909e-01
1.320300206639733798e+00
-2.111225580090000664e-01
1.563726512668926483e-01
1.885500490072755220e+00
2.512558472957377997e-01
1.161562160270296795e+00
-1.909783163597469566e-02
1.802609810024160819e-01
-1.821810180413661717e+00
-6.141050438519287669e-01
4.263238254067043265e-01
-1.058504454748181028e-01
-7.345156532923445836e-01
1.308780393121228069e+00
4.121751158180545493e-01
-4.197305392553203895e-01
-3.722484596327735318e-02
1.003073085760176619e+00
-4.007088264968605706e-01
-4.846289444850649941e-01
1.020750096651742433e+00
4.651123965685290962e-01
-7.950170718059819119e-01
9.981369609442691804e-01
1.138501013554785279e+00
-1.771353354661747426e-01
-1.560822111912897429e-02
-1.919196619177683472e+00
7.162411820907216287e-01
-7.103884168302385671e-01
-4.033089077626382524e-02
-2.439783118781648774e+00
5.654017874499304153e-01
-2.828481059899753958e-01
6.949559921953619712e-01
-4.190160244883672780e-01
3.709870409058512730e-01
6.841576093002937897e-01
-1.460330433480786505e+00
-1.995214893380824472e+00
-6.957320697749729277e-01
-4.989904614788111537e-01
-3.488683822251978373e-01
-1.529554745901386126e-01
5.564590143315725213e-01
3.712324084607620395e-02
8.937548029145108153e-01
3.385607056792203640e-01
-1.222521744817190559e+00
-9.329618902695425708e-01
2.394104821465991018e-01
-5.854462014536475634e-01
-6.214826560540723799e-01
-1.842147991886801117e+00
4.280183825753342552e-01
6.196939611291362171e-01
1.590150569768697120e-01
-3.166445062380847109e-01
7.513463130504620668e-01
1.306061149732879789e+00
-7.828616022577250533e-01
-1.108953672894341241e-01
-1.621946494897004154e-01
4.671410408862639585e-01
-1.535619240918457473e+00
2.687019627066423944e+00
-8.028649845129562923e-01
4.287674708085852382e-01
2.285446845125881921e-01
-9.635098599209558357e-01
-1.175489794003122812e+00
1.831716235282035421e-02
6.372745390588524517e-01
-5.266393200492633930e-01
6.712969382900773052e-01
-2.021741635391168135e+00
7.912281580685547322e-01
1.165100822263566149e-01
-4.782167991199654522e-01
2.085151764845860900e-01
8.170464399558340085e-02
-1.587591696406808861e+00
-3.095622793004240147e-01
1.595068076849647687e+00
-1.585652348565486536e+00
3.494806277224685731e-01
6.609263557720789217e-01
2.374446626611491418e+00
4.772004896389743789e-01
-2.256828129027114160e-01
1.167619453645910133e+00
-6.383232777231910848e-01
1.093263953474583605e+00
4.705003983640766718e-02
-9.723735393578826214e-01
1.683494787173725138e+00
1.113678047782775904e+00
8.465267908115720052e-02
-6.277200074608377256e-02
8.956985493605221782e-01
-1.682375114761713586e-01
7.565080897212458355e-01
1.151418186345771755e+00
-1.382477309852283565e-01
8.837793906960971224e-01
-1.614232271145637831e+00
6.509746220045633525e-01
-1.433155925718776480e+00
-8.847153881787038487e-02
2.813353746007298817e-01
-1.087746876714597244e+00
-1.363045183749106992e-01
6.007014317220836785e-01
-1.376333459403545456e+00
-3.444966586314423401e-02
-1.360715080810754429e+00
1.570139787667963027e+00
-1.910847317706247050e+00
-5.720670041291050500e-01
-8.326790419844301017e-01
-9.073700882891646557e-01
-1.403211157476303539e+00
1.004718052907674020e+00
1.061772800773619352e+00
7.087398382219930459e-01
-1.908811889752728697e-01
3.948924692014000870e-01
-1.356269178907536954e+00
-6.783186934892633246e-01
-2.400522595238529233e-01
2.137323020799104967e+00
2.939997096048873604e-01
3.196198025447701818e-01
-7.127080867271299303e-01
8.222242257373624241e-02
-2.538916777708516981e-01
4.524832970716375358e-01
5.555367230479287821e-01
-6.139094120811831035e-01
2.182919392046563933e-01
-1.161482584430805209e+00
-1.699375308182283995e+00
-2.009956550015526144e-01
1.142030882433028860e-01
-3.159182022546287993e-01
3.637025876606235220e-01
-3.354924138476443884e-01
1.540502893043214749e+00
1.022304350571896087e-01
-1.499568474895789372e+00
7.213683397102830241e-01
-5.446493455490324376e-01
-4.574626598149242329e-01
1.419723667700742709e-01
-8.874089486540420735e-01
1.627685100780354721e-01
-1.077495274320052099e+00
-1.079752296577709103e+00
1.630355486191802816e+00
8.785448406972153901e-01
-7.174112832255197247e-01
-1.088863195218037205e+00
-2.240824273771072406e+00
-1.141083566619051082e+00
1.158186767603107459e+00
1.146349148019428110e+00
3.988482705677985352e-01
8.995416470791358643e-01
8.061708684113995105e-01
1.936821271420069990e-01
-5.038324060487789913e-01
-4.333503766341746943e-01
1.359604779739546743e+00
-6.945121513201537589e-01
-8.778590973681539289e-01
6.596987431844971717e-01
2.224370799712298563e+00
-1.423329523920463524e+00
-4.908013328783972229e-01
9.730957270155039529e-01
1.720264394344361625e+00
-2.534888751553418640e+00
-1.141347509066604315e+00
1.752954837315403802e+00
7.377714689704851780e-01
5.032197809842845621e-02
-2.630214667204907375e+00
6.275817220949155839e-01
-3.343335933900097867e-01
-1.286103905495609379e+00
-5.582119250889592266e-01
1.129206745612288731e+00
1.449390288937103088e+00
1.884834055979778544e-01
4.379743116050203999e-02
1.466870713711171836e+00
-1.227219467779966516e-01
7.120250336891967846e-01
1.331744666348170014e+00
-1.385061043087303378e+00
-8.096987145400245944e-02
3.211196400553888997e-01
-4.365558736871971157e-01
-1.467694238270881746e+00
3.353250480747093643e-01
-1.113103872632342783e+00
-1.010849647869971557e+00
6.701673890477152229e-01
-1.193795206803212938e+00
7.207894903028679856e-01
5.598820947643038393e-01
6.089812350339347813e-02
2.105719401757951914e+00
9.120412800294864786e-01
4.799176568683599098e-01
-2.088339958109038941e-01
-1.489334644121275697e-01
-1.056650823019334107e+00
1.124365417633189645e-01
-1.522045621818573835e+00
-1.219390768743714437e+00
-4.063259494306415420e-01
-1.254020670480592188e-02
2.681593568337349853e-01
6.833257811567109430e-01
2.517897919040137378e+00
-1.018374557558753141e-01
-3.903860181761666798e-02
-1.366168828327325169e-01
1.122818182147007127e+00
-5.453416285474891462e-02
-1.622211332111834547e+00
-1.139277877662882910e+00
7.906205855040687736e-01
-3.525722694031024895e-01
-3.940857186605360996e-01
9.771598148105343773e-01
-6.063000846771320757e-02
-4.514167806935441840e-01
6.379803560051848788e-01
-4.563869268661676082e-01
-1.730980367646262896e-01
1.498637764855263177e-01
1.101260143841405581e+00
7.630788483163341018e-01
1.280283398955255780e+00
-2.362351111646963098e+00
1.104035198805851437e+00
-3.930102118353530627e-01
4.100595680938932674e-01
7.459433929383654238e-01
7.909093568183220846e-01
-4.311661105925035931e-01
1.826414605683774339e-01
1.354880372223510765e+00
1.315803346422928177e+00
-5.140242524802320911e-01
4.048951173303894091e-01
-1.342647834228788861e+00
9.849727181327427861e-01
-5.208740620989976700e-01
-2.812297153757452040e-01
7.823586016252088993e-02
-1.646408276674886428e+00
2.330530153873703325e-01
1.196390491568653930e-01
-9.364961207158729872e-02
-1.039468525222289941e+00
-1.276785448794198974e+00
1.873354106722595835e+00
7.989955082251212204e-01
-4.036576407841649394e-01
-2.409684538099377438e+00
1.129440308439368268e+00
-1.180093959039625995e+00
4.228544028610688454e-01
7.611919107858793332e-01
5.118751499326752025e-02
8.580349368240335339e-01
1.168264413316516537e+00
-1.872252179650346626e+00
-2.135913922430273393e-01
-2.544968512659961934e-01
-1.442214069896223805e-01
-6.524877968986850241e-02
-1.262245788065852858e+00
5.393778200504095732e-01
-7.534082246695210650e-01
2.065919249572181760e-01
6.483102153484782137e-01
-6.412466079559631105e-01
1.391510100783696080e+00
-7.416115629758406047e-02
2.772235011098549973e-01
1.128514898174205916e+00
7.214277608614226844e-01
-1.080555573898331678e+00
-6.777372396513288155e-01
6.897098635258774868e-01
-1.794484551827065510e-01
-3.055295620511828680e-01
-1.572959267491566004e+00
1.229579095910761977e+00
-7.071154045842613645e-01
-3.856592015731073464e-01
-8.934439994181322953e-02
5.723943128077293441e-01
-1.198231471523719532e-01
3.548909146992229036e-01
-1.671207049889833263e+00
1.679855501449251776e+00
6.077968899088123100e-01
-1.180921041234034519e+00
-8.528777321576755943e-01
-9.435833455840224593e-01
-8.631912820355248650e-01
1.585399442216049559e+00
7.001964437929263374e-01
1.696576635134587230e+00
-7.227684839537193984e-01
2.299936697924504503e-01
-1.719387570392422404e+00
-1.709136932000109743e+00
2.403817791045589902e-01
-6.063205930348909423e-01
-6.260521109952679186e-01
-1.058296670117619409e-01
1.189444232001692026e+00
8.414778846500694520e-01
