1.181377787248330868e+00
6.536116141524028755e-01
-8.981121394369402378e-01
-9.447214089874977905e-01
-4.244195585383486735e-01
-6.926966698959374780e-01
1.599112021703445130e+00
-2.126849835761007723e-01
4.648533311773441756e-01
-1.697641954113485285e+00
-7.781401042992075467e-02
-3.163666291943726394e-01
-3.549695058691784144e-01
4.883316378224193399e-01
-1.419300410037288296e-01
-5.506101187877783243e-01
1.731144019301815939e+00
1.685020293386592094e-01
-2.052373086830943993e+00
2.499461252696444369e-01
-2.183879299223701886e-01
-1.550635182226600683e-01
6.366645588494201924e-01
9.408514872353986869e-01
2.425373826293763635e+00
4.325929103967877665e-01
-3.547167930876127251e-01
4.747445269970298476e-01
2.456010625642457978e-01
-1.111016223443808681e-01
-9.690923877254780106e-01
-6.699738711503055999e-01
-1.677529416310232224e-01
5.059732722910572633e-01
-1.031522102962233040e-01
-1.976692241373672720e+00
1.357560994833499901e+00
-1.936342809025967338e+00
7.831580478735996609e-01
2.755750459317218404e+00
-1.241109609275654835e+00
-7.683585367710368264e-01
1.001199102922512685e+00
-7.699833048194240082e-01
7.551794147411873270e-01
-6.510609126245086031e-01
4.503394234582717287e-02
-4.545656232462005897e-01
9.251693631309908517e-01
8.761655479586658024e-02
-4.508022793239902515e-01
4.117167876692955780e-02
-3.936951618820118681e-01
-5.802960880217934436e-01
-1.413900779863900503e+00
-4.777452211002842786e-01
4.829463815539808969e-01
6.536842615706444093e-01
1.979234993014906241e+00
9.918750397773949956e-01
-1.138389904494741811e-01
1.198149347854907232e+00
-6.964821106603164003e-01
3.064642274901867580e-01
-7.461475293274837384e-01
1.088724704865775994e+00
-9.740660372473440853e-01
2.882592362111316975e-01
9.492661199755547674e-01
9.818240539264452282e-01
1.460939893362762365e-01
9.124392493156435746e-01
-1.855407895288437192e+00
5.494547743553732655e-01
-1.440264481084625459e-01
-2.260021770501651484e-01
-1.132086094874673821e+00
-8.318000977078140457e-01
9.274580918070438607e-01
-5.418908963061520589e-01
-2.439844843053626366e+00
-2.221101301560488572e+00
4.157026604578670237e-01
1.901088573718770769e-01
-9.540787063663412892e-01
8.335200967447010667e-01
2.401016408119831524e-01
-2.566348272867448266e+00
-9.961030011653501659e-02
-2.988195403991404375e-01
-7.127268688723454870e-01
7.944053683969974633e-02
9.548926111226564428e-01
2.122367171967636801e-01
1.282278760216019942e+00
3.463786519467540459e-01
1.777433365761534878e+00
-1.665325099811880039e+00
-2.654284108664946573e-01
-4.049204761264011410e-01
-9.054900917586615749e-01
1.590882204325440252e+00
5.507011927363750781e-01
-9.437478909275581751e-01
-7.121068999981167158e-01
-2.801173745285649552e+00
-1.152055289940430827e+00
-5.634511407170038622e-01
2.945627522722499281e-01
1.279463186995791979e+00
-7.787551744786783692e-01
-7.963196979147495191e-02
9.756081638881018980e-01
1.729842304065285497e-01
6.472220962139332290e-01
-1.494821249106114205e-02
7.518643238873009560e-01
3.227916532683697826e-01
2.005729951416347981e-02
-7.763707761655110062e-02
-1.674174589765003107e+00
3.060255583824993408e-01
-4.644321986342677677e-01
2.578888297144393826e-01
-7.393193057930851353e-01
-2.387876408542446427e-01
-1.897859098100400432e+00
-8.591252034665845805e-02
-2.629010554250289511e-01
-2.165893885451597167e-01
-3.975922122759315003e-01
-4.337564867431054766e-02
3.412331363820969021e-01
-1.050719413049326700e+00
-1.578599359429180005e-01
3.890650879044222910e-01
1.863266649788452467e+00
-2.293200901841122019e-01
-1.637561089769267730e-01
4.601954077205167026e-01
-3.903808392755023227e-01
2.477766958286247156e+00
-9.737344267894202376e-01
-1.376591016403822199e+00
5.010276596723541864e-01
6.030738675733685605e-01
-4.005755533627557985e-01
3.400508423375572242e-01
1.704386241001501823e+00
-8.452810683142637505e-01
-1.287799226015046150e-01
-1.705636114269210912e+00
-1.243408480842322472e+00
1.058654024272384309e+00
8.963619022732564057e-01
2.270119344072389078e-01
3.352077631659230311e-02
5.265938329480538416e-01
-1.367628976225540915e+00
1.136818955429390599e+00
-8.998669542696546841e-01
-1.420701135713879903e+00
1.746779271498196950e-01
-1.292728641201279782e-01
-1.095432155113489570e+00
5.945939865407247060e-01
-1.735543770344514014e+00
1.034854088312606168e-01
-1.259169039069900631e+00
2.922476179349034475e-02
1.077182093796617446e+00
1.230275849402659549e+00
3.598685504360331078e-01
-9.389074041307208379e-03
-1.032029805813159840e+00
-1.625322053720945403e+00
2.787463791452183259e-01
4.838134624887453494e-01
-1.970456048016581585e+00
-6.478966510424811753e-01
1.510711315168103697e-01
-3.774549488905608041e-01
-3.747835294957240770e-01
4.624186184122584115e-02
-1.680128071225750919e+00
4.365280900490420279e-01
7.835420850328543851e-01
2.340063518664032560e-01
-6.409331570592844418e-01
4.942176060690615103e-01
-2.632805232797377770e-01
-1.531746913641606644e+00
1.877657162525773193e+00
4.134554788141706627e-01
4.093011674985705950e-01
-8.903281511491905054e-01
7.845867638203659622e-01
1.038255602886891893e+00
6.677201212349629378e-01
-1.294585910197772138e+00
8.586093374866861083e-01
-1.261005530483703341e+00
1.053783374183012711e+00
1.771425012510330577e+00
-1.235397322037480761e+00
-5.330786433415811709e-01
6.426466010236652204e-01
1.402376848765871653e+00
-4.717423844543863765e-01
1.095044179241549509e+00
-6.322044034482865449e-01
1.509728286270299202e+00
8.847654621951891452e-01
-2.120770653776842263e-01
9.576064762810549968e-01
-3.530270096609561814e-01
2.094234393513913162e+00
-9.714230181007451614e-01
-2.511151964343761200e+00
2.318915059552558944e+00
-1.727106502968173807e+00
1.131554752926184237e+00
-1.437426809228522062e+00
1.042001243148379164e+00
8.399680775064841676e-01
1.588830853988270952e+00
2.428184201371698103e-01
6.393818807428924833e-01
1.399726530895465115e-01
7.457089902505305012e-01
-8.192327034981962131e-01
-1.052255750059538641e+00
-7.566525868102731422e-01
-1.120061530377062464e+00
-5.739851989382339648e-01
1.291179825949195115e+00
5.706349094499545416e-01
1.706555502324907714e+00
1.363628152517913694e+00
1.670306687325715744e+00
9.978863014830572364e-01
6.157293630201893242e-02
7.912266734573192295e-01
3.495957045729383150e-01
7.835156854821456740e-01
3.696002674509806241e-01
1.567008892604508929e+00
1.631929178315591589e+00
8.293606505001045459e-01
-4.182009205473925517e-01
2.425974645110844929e-01
1.251340491364091756e+00
6.692682166108379072e-01
7.849829885727328538e-01
9.425353066152278303e-02
-5.395950491783032543e-01
